[?25l[39m             [38;2;121;3;45mРќЂ[38;2;214;6;80mРќЂ[38;2;169;5;63mРќЂ                [39m
          [38;2;182;5;68mРќЃ[38;2;203;6;76m­Ъг╣[38;2;205;6;77mРќЄ[38;2;214;6;80mРќѕРќѕРќѕ[38;2;208;6;78mРќѕ[38;2;214;6;80mРќѕ[38;2;213;6;80mРќѕ[38;2;212;6;79mРќЄ[38;2;200;6;75mРќє[38;2;214;6;80mРќё[38;2;199;6;74m­Ъг▒[38;2;209;6;78mРќЂ        [39m
       [38;2;163;4;61m­Ъгъ[38;2;197;5;74m­Ъг╣[38;2;210;6;79mРќѕ[38;2;214;6;80mРќѕ[38;2;198;6;74mРќѕ[38;2;213;6;80m­Ъгј[38;2;198;5;74m­Ъгє[38;2;214;6;80mРќћРќћ[38;2;207;6;77mРќћ[38;2;201;6;75mРќћ[38;2;214;6;80mРќћ[38;2;152;4;57m­Ъгѓ[38;2;211;6;79m­Ъгѓ­ЪгјРќѕ[38;2;214;6;80mРќѕ[38;2;210;6;79m­Ъг║[38;2;183;5;68m­Ъг▒      [39m
      [38;2;201;6;75m­Ъгд[38;2;210;6;79mРќѕ[38;2;209;6;78mРќѕ[38;2;205;6;76m­Ъгј[38;2;183;5;68m­Ъгѓ           [38;2;136;3;51m­ЪгЂ[38;2;187;5;70mРќю[38;2;214;6;80mРќѕРќѕ[38;2;204;6;76m­Ъг║[38;2;125;3;47mРАђ    [39m
    [38;2;178;5;67mРаѕ[38;2;203;6;76m­Ъгх[38;2;211;6;79mРќѕ[38;2;213;6;80m­Ъгє[38;2;214;6;80mРаЂ       [38;2;172;5;64mРќЂ[38;2;183;5;68mРќѓ[38;2;214;6;80mРќЂ     [38;2;182;5;68m­Ъгі[38;2;214;6;80mРќѕ[38;2;165;5;62m­Ъг┤[38;2;180;5;67mРќў    [39m
    [38;2;208;6;78m­Ъгд[38;2;214;6;80mРќѕ[38;2;175;5;65m­ЪгЋ       [38;2;150;4;56m­Ъгх[38;2;194;5;73m­ЪгЁ[38;2;151;4;56m­Ъгѓ[38;2;179;5;67mРќћ[38;2;136;4;51mРаЅ[38;2;168;4;63mРќћ[38;2;119;3;44mРаѓ    [38;2;193;5;72mРќѕ[38;2;202;6;75mРќѕ     [39m
    [38;2;188;5;70mРќѕ[38;2;203;6;76mРќЅ       [38;2;165;5;62m­Ъги[38;2;175;5;65m­Ъгђ          [38;2;189;5;71m­Ъги[38;2;214;6;80mРќѕ[38;2;156;4;58mРќЈ    [39m
    [38;2;189;5;71mРќѕ[38;2;210;6;79mРќІ       [38;2;184;5;69mРќѕ           [38;2;187;5;70mРќѕ[38;2;195;5;73mРќї     [39m
    [38;2;187;5;70mРќѕ[38;2;202;6;76mРќІ       [38;2;211;6;79m­ЪгЅ[38;2;194;5;72m­Ъг▒         [38;2;192;5;72mРќЪ[38;2;201;6;75m­Ъгє      [39m
    [38;2;188;5;70m­Ъге[38;2;203;6;76mРќѕ       [38;2;151;5;56mРаѓ[38;2;200;6;75m­ЪгЂ[38;2;194;5;72m­Ъгї[38;2;183;5;68m­Ъг▒[38;2;214;6;80mРќЂ  [38;2;214;6;80mРќЂ[38;2;194;5;72mРќЃ[38;2;184;5;69m­Ъг╣[38;2;187;5;70m­Ъгј[38;2;177;5;66m­Ъгђ       [39m
    [38;2;163;4;61m­ЪгЂ[38;2;210;6;79mРќѕ[38;2;188;5;70mРќЎ[38;2;206;6;77m­ЪгЈ       [38;2;127;3;47mРќћ[38;2;207;6;77mРаі[38;2;151;4;57m­Ъгѓ[38;2;197;5;74m­Ъгѓ[38;2;206;6;77m­Ъгѓ[38;2;175;5;65m­Ъгѓ[38;2;206;6;77mРќћ          [39m
     [38;2;196;5;73m­ЪгЅ[38;2;212;6;79mРќѕ[38;2;205;6;77m­Ъг║                        [39m
      [38;2;194;5;73mРќЮ[38;2;199;6;74mРќѕ[38;2;196;5;73mРќЎ                       [39m
       [38;2;211;6;79mРаѕ[38;2;213;6;80m­Ъгі[38;2;202;6;75mРќЄ[38;2;198;6;74mРќѓ                     [39m
         [38;2;214;6;80mРаѕ[38;2;201;6;75m­Ъгі[38;2;179;5;67m­Ъгг[38;2;203;6;76mРќЃ[38;2;206;6;77mРќЂ                  [39m
            [38;2;150;4;56mРќћ[38;2;187;5;70m­Ъгѓ[38;2;160;4;60m­Ъгѕ[38;2;187;5;70mРЋЙ[38;2;169;4;63mРЋ┤               [39m
[?25h
